### This is a yaml file with all the Refprop values, force field parameters,
### simulation temperatures, and other physical constants for Argon

correlation_parameters:

    Stoll:

        T_c_star_params: [0.1507579e+1, 0.2047231e-1, -0.1291671e-2, 0.3319456, 0.4136462e-1, 0.9755649e-2, -0.1715840e-2, -0.8173578e-3, 0.2301229e-3]
        
        rho_c_star_params: [0.3143171, 0.2469999e-2, -0.2422011e-3, -0.1452035, -0.4259098e-1, -0.2700883e-2, 0.2785485e-2, 0.3007566e-3, -0.5084756e-3]
        
        rho_L_star_params:
            
            C1_params: [0.3019549, -0.3796746e-3, 0.6745920e-3, -0.1608258e-1, -0.5227965, 0.1122068e-1, -0.4523730e-2, -0.2711606e-2, 0.3949744e-3]
            C2_params: [0.4955956e-1, 0.6125793e-2, -0.1684225e-2, 0.7665178e-1, 0.4320915e-1, -0.1489510e-1, -0.2119930e-2, 0.3030791e-2]
            C3_params: [0.6676718e-3, -0.2125521e-2, 0.5591744e-3, -0.5007894e-2, -0.7089158e-1, 0.1218855e-2, 0.8615708e-2, -0.1407562e-2]
                    
        rho_v_star_params:
        
            C2_params: [0.1984681e-1, -0.3677042e-2, 0.1251499e-2, -0.5941681e-1, 0.5235979e-1, 0.1966272e-1, -0.7711454e-2, -0.2604483e-2]
            C3_params: [0.1185765e-1, 0.1556412e-2, -0.4872161e-3, 0.4232978e-1, -0.2872173e-3, -0.2451944e-2, -0.5240982e-2, 0.1487717e-2]
        
        P_v_star_params:
        
            c1_params: [0.4333882e+1, 0.1503665, -0.2085311e-1, -0.1870607e+1, -0.7103387, -0.5758677, 0.6802547, 0.1358236, -0.1916098]
            c2_params: [-0.2660590e+2, -0.1144385e+1, 0.1097780, 0.1138729e+3, -0.1082939e+3, 0.1131664e+2, -0.1732358e+2, -0.1609370e+1, 0.3026670e+1]
            c3_params: [-0.1059248, -0.3559731e-2, -0.8836935]
        
    Werth:
        
        A_star_params:
        
            a_params: [1.81404]
            b_params: [1.43624e-1, -3.66120e-1, 9.70532e-3]
            c_params: [1.03576]
            d_params: [1.15865, -7.74845e-1]
            e_params: [6.38307e-2, 1.66285e-2]
            B_params: [1.2378]